5.254006  2.338841  9.268508  3.852025  6.503724  6.717667  8.916749  4.299890
4.053501  8.248607  8.142273  3.565339  8.952653  5.894758  1.015917  2.965481
1.925662  3.750240  7.090438  4.805432  3.722076  7.471903  4.582383  3.765134
7.038697  8.067046  8.993195  5.056007  8.882808  9.876011  7.131278  4.362343
5.268340  2.861229   7.96665  5.527826  1.568187  5.604737  3.420846  1.804561
6.597991  1.105242  7.717198  8.347171  9.497953  9.275685  7.416759  9.486029
3.929265  8.893579  3.071211  4.629467  1.798894  6.141892  4.201055  5.773237
4.763110  2.191719  5.598662  7.295848  9.722491  1.490489  3.145962  6.509032
8.122635  5.998632  5.446001  1.358446  8.913883  6.679139  8.623274  2.161133
5.284965  4.826313  9.074697  2.263636  7.313151  3.875295  5.227861  1.974287
