9.356798 1.828080 4.418034 3.791435 7.491847 5.074024 6.364303 3.127457
2.004897 6.571245 8.165028 7.225931 5.447344 6.840145 7.360618 8.825477
3.553594 1.295458 4.009944 8.022158 4.570164 1.870661 6.870501 3.924073
1.568013 4.318995 7.089892 3.203953 9.331905 3.540870 9.059226 7.957118
9.258039 4.502344 5.954209 3.198786 7.256440 9.031528 4.005867 6.953978
6.014429 7.636802 7.899323 7.308842 9.262741 3.407116 1.751233 9.650579
2.337692 6.830932 6.258483 4.953211 4.332172 2.911179 6.926813 3.238053
5.503013 7.174828 5.117039 3.015306 6.757126 4.917776 8.877227 7.072849
6.194495 3.595139 3.265516 1.866136 6.969850 1.136687 6.097512 9.105743
7.209993 5.128102 7.355026 3.501743 2.046524 5.467403 3.947850 3.159541
