3.499726  6.204975  2.808962  3.192485  1.793934  4.502452  9.746161  7.847562
1.428462  4.423936  4.803492  1.197215  6.004711  3.566948  9.623183  7.931084
7.105156  6.139340  2.477435  8.625445  2.984258  8.207628  1.206622  8.705317
9.237152  3.271965  8.495914  5.163351  1.791254  7.215464  3.527978  9.668509
8.196530  8.168718  5.730847  7.412623  6.279246  1.535032  4.889543  5.589754
9.520682  4.755867  9.136683  1.580850  6.700102  6.641276  7.998081  9.909762
2.432813  7.263954  1.405736  9.882609  5.092819  4.303124  5.777604  6.915454
7.653147  3.034158  1.128771  7.130155  8.737778  8.706689  7.983694  6.777072
5.859647  8.202580  4.591406  3.883185  3.249885  9.468306  9.126275  8.832774
8.917478  5.299558  7.518842  1.283938  5.196801  7.327345  9.479186  8.666612
