2.530939  3.872187  1.774818  3.203544  3.918040  3.421806  2.889812  2.683763
2.926477  2.891338  1.434762  1.308854  3.436417  2.042016  2.792584  1.191248
2.535924  1.989512  3.243080  3.109934  1.785936  2.610394  3.126723  2.631460
1.932695  2.152668  2.306066  3.118579  1.593123  2.676839  2.745998  1.692589
2.583984  3.222396  1.730512  1.504345  2.559499  3.159951  3.253276  3.382358
3.166414  2.064626  2.830108  1.122446  3.643445  2.262285  2.440749  2.481831
2.616546  3.841616  1.186204  3.798640  1.567728  1.113963  3.121827  3.320127
3.319398  1.240220  2.070846  2.986519  3.094365  2.305696  1.505447  1.639840
3.282715  2.900086  3.193048  2.539620  3.795026  1.907704  3.278999  1.261184
2.058447  1.409028  2.518620  2.917269  2.796705  2.562458  3.565157  3.355122
