22.248298  52.104439  12.403481  14.960542   8.317406  26.007685 103.480599  73.264816
 6.639260  24.835151  28.624290   5.950424  49.141837  17.470018 101.639663  74.418572
57.975665  51.654037  10.857145  83.699280  15.011620  77.198120   6.975971  85.640984
95.608746  15.522198  82.183676  34.366366   8.306675  60.246838  17.083657 102.423149
77.183130  76.605047  38.299271  55.808315  52.553680   6.588136  29.758822  36.012531
98.204353  29.524557  92.692887   6.755145  61.902741  60.493576  74.952397 108.821236
10.655024  62.961246   6.537031 108.430897  34.453304  24.249189  39.398155  51.078367
67.219479  14.118378   5.752885  58.247349  87.212356  86.675724  74.715202  62.274742
44.479401  77.145693  27.515347  19.928932  15.946058  97.964047  92.512436  87.804794
86.503841  37.489759  61.524401   6.374081  35.596121  63.729624  98.211769  85.066742
