-0.838271   0.720517  0.101780  -0.653484  -0.353160  -0.405402  0.449131  -0.916936
-0.805278   0.914019  0.975198  -0.406597  0.410820  -0.371937  0.849235   0.174170
 0.934774  -0.570080  0.719327  -0.996438  -0.548798  0.937407  -0.993245  -0.572913
 0.747473  -0.996523 -0.425629  -0.943969  0.512130  0.929777  0.714372  -0.929481
-0.835032   0.270707   0.99833  -0.830934  0.999801  -0.603731  -0.789623  -0.974028
 0.993567   0.893317  0.961264  0.889964  -0.075661   0.029710  0.930347  0.014285
 0.719517  0.523439  0.999901  0.002848  0.973996  -0.485512  0.117178  -0.497412
-0.616662   0.809586  -0.740695  0.942101  0.424414   0.996060  0.014097  -0.663586
0.946775  -0.004839  0.734142  0.930809  0.848669   0.932463  0.753665   0.413924
 0.850919 -0.128897  0.536603  0.901313  0.876179  -0.670447 -0.752767   0.919436
