21.713596 7.656160 11.836068 10.582870 17.983694 13.148048 15.728606  9.254914
7.009794 16.142490 19.330056 17.451862 13.894688 16.680290 17.721236 20.650954
10.107188 5.590916 11.019888 19.044316 12.140328  7.741322 16.741002  9.848146
6.136026 11.637990 17.179784  9.407906 21.663810 10.081740 21.118452 18.914236
21.516078 11.004688 13.908418  9.397572 17.512880 21.063056 11.011734 15.907956
15.028858 17.273604 18.798646 17.617684 21.525482  9.814232  7.502466 22.301158
7.675384 16.661864 15.516966 12.906422 11.664344  8.822358 15.853626  9.476106
14.006026 17.349656 13.234078  9.030612 16.514252 12.835552 20.754454 17.145698
15.388990 10.190278  9.531032  7.732272 15.939700  5.273374 15.195024 21.211486
17.419986 13.256204 17.710052 10.003486  7.093048 13.934806  9.895700  9.319082
