12.569000   47.928951   5.891068   24.613796   50.304051   30.635057   17.993689   14.667892
18.693253   18.026739   4.197944   3.701632   31.045828   7.705659   16.329392   3.290066
12.666464   7.306976   25.598226   22.468914   5.957667   13.630270   22.852785   13.907632
6.907446    8.611951   10.042095   22.661437   4.915659   14.515502   15.577599   5.438012
13.244598   25.103679   5.644706   4.499312   12.920300   23.525484   25.891695   29.418424
23.704946   7.877299   16.981031   3.073750   38.157532   9.604227   11.478260   11.961642
13.675627   46.654499   3.275078   44.568360   4.795218   3.063780   22.743879   27.686298
27.662142   3.457329   7.933093   19.829390   22.101141   10.033618   4.503682   5.156045
26.630451   18.189831   24.352873   12.677084   44.391427   6.740278   26.575720   3.528676
7.835621    4.092890   12.417446   18.486107   16.402603   12.979986   35.332320   28.644579
